-0.125500619 0.0161479488 -0.204233781 -0.00253057526 -0.0077353837 0.00743739586 -1.00176895 0 0 0 0 0 0 0 0 0 0 0 0 0 0 0 0 0 0 0 0 0 0 0 0 0
-0.11524684 0.0176878721 -0.193336129 -0.00083798432 -0.00645610783 0.00902819727 -0.978369296 0 0 0 0 0 0 0 0 0 0 0 0 0 0 0 0 0 0 0 0 0 0 0 0 0
-0.110495917 0.0186014473 -0.18102932 -0.000220049464 -0.00703649689 0.00883332733 -0.986968219 0 0 0 0 0 0 0 0 0 0 0 0 0 0 0 0 0 0 0 0 0 0 0 0 0
-0.107857756 0.0198121294 -0.164610028 0.000363419997 -0.0084209051 0.0079510808 -0.99577409 0 0 0 0 0 0 0 0 0 0 0 0 0 0 0 0 0 0 0 0 0 0 0 0 0
-0.108753093 0.0183996484 -0.154150337 0.000421184755 -0.010587872 0.00762255583 -0.991339803 0 0 0 0 0 0 0 0 0 0 0 0 0 0 0 0 0 0 0 0 0 0 0 0 0
-0.111084409 0.0235156491 -0.148611486 -0.000298072526 -0.0117989434 0.0082281651 -0.977971792 0 0 0 0 0 0 0 0 0 0 0 0 0 0 0 0 0 0 0 0 0 0 0 0 0
-0.109127499 0.0227969959 -0.138734609 -0.00101412297 -0.0112005016 0.00906781852 -0.988572657 0 0 0 0 0 0 0 0 0 0 0 0 0 0 0 0 0 0 0 0 0 0 0 0 0
-0.111698963 0.0268315375 -0.137412265 -0.000406441512 -0.0116010802 0.00823477749 -1.0000726 0 0 0 0 0 0 0 0 0 0 0 0 0 0 0 0 0 0 0 0 0 0 0 0 0
-0.11070139 0.0257970132 -0.128672794 -0.000821488851 -0.012977018 0.00765528064 -0.998874843 0 0 0 0 0 0 0 0 0 0 0 0 0 0 0 0 0 0 0 0 0 0 0 0 0
-0.116506271 0.0313554443 -0.131316558 -0.000648812798 -0.014090403 0.00866245665 -0.992251575 0 0 0 0 0 0 0 0 0 0 0 0 0 0 0 0 0 0 0 0 0 0 0 0 0
-0.114568122 0.0294794366 -0.124740392 -0.000990197295 -0.0137413507 0.00937315263 -1.00024498 0 0 0 0 0 0 0 0 0 0 0 0 0 0 0 0 0 0 0 0 0 0 0 0 0
-0.118238084 0.0329531953 -0.130875394 -0.000467974402 -0.0147776539 0.00834726822 -0.992004275 0 0 0 0 0 0 0 0 0 0 0 0 0 0 0 0 0 0 0 0 0 0 0 0 0
-0.11574433 0.0293777995 -0.123326853 -0.00086210639 -0.0145658096 0.00807992555 -0.99528861 0 0 0 0 0 0 0 0 0 0 0 0 0 0 0 0 0 0 0 0 0 0 0 0 0
-0.121210761 0.0324730203 -0.131181926 -0.000596750702 -0.0154938148 0.00901721977 -0.988908708 0 0 0 0 0 0 0 0 0 0 0 0 0 0 0 0 0 0 0 0 0 0 0 0 0
-0.122079946 0.0311240293 -0.1285678 -0.000972741691 -0.0152392676 0.00975237042 -0.996290445 0 0 0 0 0 0 0 0 0 0 0 0 0 0 0 0 0 0 0 0 0 0 0 0 0
-0.12783742 0.036892239 -0.137681395 -0.000358804886 -0.0162190907 0.00886918698 -0.991972029 0 0 0 0 0 0 0 0 0 0 0 0 0 0 0 0 0 0 0 0 0 0 0 0 0
-0.126319289 0.0390934795 -0.132289678 -0.000628682959 -0.0159836859 0.00912108738 -1.00010097 0 0 0 0 0 0 0 0 0 0 0 0 0 0 0 0 0 0 0 0 0 0 0 0 0
-0.130035371 0.0414567292 -0.136413872 -0.00022397592 -0.0162255876 0.00782044046 -0.996664405 0 0 0 0 0 0 0 0 0 0 0 0 0 0 0 0 0 0 0 0 0 0 0 0 0
-0.127708673 0.0402287841 -0.130706564 -0.000796757464 -0.0153366691 0.00724294595 -0.999924362 0 0 0 0 0 0 0 0 0 0 0 0 0 0 0 0 0 0 0 0 0 0 0 0 0
-0.130831152 0.044703234 -0.137094244 -0.000272139732 -0.0158376098 0.0074622361 -0.992636681 0 0 0 0 0 0 0 0 0 0 0 0 0 0 0 0 0 0 0 0 0 0 0 0 0
-0.129186422 0.0440661944 -0.137324676 -0.00032914069 -0.0148352077 0.00795692764 -0.999855816 0 0 0 0 0 0 0 0 0 0 0 0 0 0 0 0 0 0 0 0 0 0 0 0 0
-0.133042723 0.0446601957 -0.144444197 -3.29531031e-06 -0.0144776935 0.00699577946 -1.00649011 0 0 0 0 0 0 0 0 0 0 0 0 0 0 0 0 0 0 0 0 0 0 0 0 0
-0.133977294 0.040317487 -0.141065598 -0.000708409643 -0.0153287565 0.00652632397 -0.999394596 0 0 0 0 0 0 0 0 0 0 0 0 0 0 0 0 0 0 0 0 0 0 0 0 0
-0.130677491 0.0441111401 -0.144440696 -0.000255235354 -0.0158503279 0.00641476642 -0.988671124 0 0 0 0 0 0 0 0 0 0 0 0 0 0 0 0 0 0 0 0 0 0 0 0 0
-0.125572383 0.0414240211 -0.140236557 -0.000503303309 -0.0144012319 0.00652883481 -0.99053371 0 0 0 0 0 0 0 0 0 0 0 0 0 0 0 0 0 0 0 0 0 0 0 0 0
-0.12710613 0.0448939316 -0.142337814 -4.06701001e-05 -0.0137692289 0.00526214577 -0.998694122 0 0 0 0 0 0 0 0 0 0 0 0 0 0 0 0 0 0 0 0 0 0 0 0 0
-0.123506777 0.0401138887 -0.137622684 -0.000263459689 -0.0145917507 0.00464584213 -0.994584918 0 0 0 0 0 0 0 0 0 0 0 0 0 0 0 0 0 0 0 0 0 0 0 0 0
-0.129396051 0.0427633412 -0.143926442 3.01504042e-06 -0.0150153534 0.00538347289 -0.988766968 0 0 0 0 0 0 0 0 0 0 0 0 0 0 0 0 0 0 0 0 0 0 0 0 0
-0.125749469 0.0392934605 -0.144486174 -0.000132462359 -0.0138432188 0.0056278687 -0.994270682 0 0 0 0 0 0 0 0 0 0 0 0 0 0 0 0 0 0 0 0 0 0 0 0 0
-0.127861172 0.0404723026 -0.148405313 0.000236791151 -0.0142721469 0.00445051491 -1.00083327 0 0 0 0 0 0 0 0 0 0 0 0 0 0 0 0 0 0 0 0 0 0 0 0 0
-0.123520605 0.0347931609 -0.142416492 -0.00011568825 -0.0133606726 0.00401520077 -0.989328921 0 0 0 0 0 0 0 0 0 0 0 0 0 0 0 0 0 0 0 0 0 0 0 0 0
-0.126271784 0.0377932079 -0.146079421 0.000108962238 -0.0139588537 0.00418025441 -0.985549808 0 0 0 0 0 0 0 0 0 0 0 0 0 0 0 0 0 0 0 0 0 0 0 0 0
-0.12377844 0.0349197239 -0.142179146 -9.43026389e-05 -0.0129249794 0.00440721214 -0.989120245 0 0 0 0 0 0 0 0 0 0 0 0 0 0 0 0 0 0 0 0 0 0 0 0 0
-0.127001733 0.0390880145 -0.150045902 0.000377389428 -0.01329605 0.00307189208 -0.989217699 0 0 0 0 0 0 0 0 0 0 0 0 0 0 0 0 0 0 0 0 0 0 0 0 0
-0.12401291 0.036392089 -0.146486282 0.000263485097 -0.0127838096 0.00253249099 -0.991561413 0 0 0 0 0 0 0 0 0 0 0 0 0 0 0 0 0 0 0 0 0 0 0 0 0
-0.127339751 0.0360420235 -0.154105157 0.000655580661 -0.0134496009 0.00315296371 -0.992303431 0 0 0 0 0 0 0 0 0 0 0 0 0 0 0 0 0 0 0 0 0 0 0 0 0
-0.124683328 0.0313970074 -0.151793808 0.000124497921 -0.0125290928 0.00285713281 -0.993430555 0 0 0 0 0 0 0 0 0 0 0 0 0 0 0 0 0 0 0 0 0 0 0 0 0
-0.125527442 0.0316119194 -0.156970248 0.000479565962 -0.0127064595 0.00262764748 -0.989634931 0 0 0 0 0 0 0 0 0 0 0 0 0 0 0 0 0 0 0 0 0 0 0 0 0
-0.12193238 0.0271287411 -0.14947553 0.000352305477 -0.0116535695 0.00196170341 -0.99024421 0 0 0 0 0 0 0 0 0 0 0 0 0 0 0 0 0 0 0 0 0 0 0 0 0
-0.124408104 0.0271864533 -0.153243825 0.000740258314 -0.0122265043 0.00198750664 -0.998132467 0 0 0 0 0 0 0 0 0 0 0 0 0 0 0 0 0 0 0 0 0 0 0 0 0
-0.12376333 0.0226636454 -0.148231536 0.000253624487 -0.0112426681 0.00190636609 -0.990561306 0 0 0 0 0 0 0 0 0 0 0 0 0 0 0 0 0 0 0 0 0 0 0 0 0
-0.1200229 0.0266053975 -0.150050193 0.000684432627 -0.0112299575 0.00174529059 -0.988126755 0 0 0 0 0 0 0 0 0 0 0 0 0 0 0 0 0 0 0 0 0 0 0 0 0
-0.114229463 0.0235819221 -0.145154297 0.000562759407 -0.00974086579 0.00181619078 -0.986171961 0 0 0 0 0 0 0 0 0 0 0 0 0 0 0 0 0 0 0 0 0 0 0 0 0
-0.112445198 0.0250089318 -0.146613941 0.00089375244 -0.00998877268 0.000232795253 -0.99360925 0 0 0 0 0 0 0 0 0 0 0 0 0 0 0 0 0 0 0 0 0 0 0 0 0
-0.109672673 0.0195784196 -0.141535729 0.000623318774 -0.00872304384 -0.00023083156 -0.986378968 0 0 0 0 0 0 0 0 0 0 0 0 0 0 0 0 0 0 0 0 0 0 0 0 0
-0.106115229 0.023058489 -0.144306511 0.000866269635 -0.00889367331 5.5172015e-05 -0.982604802 0 0 0 0 0 0 0 0 0 0 0 0 0 0 0 0 0 0 0 0 0 0 0 0 0
-0.10211233 0.020391874 -0.14055641 0.000691652298 -0.00745238736 0.000104108825 -0.98200357 0 0 0 0 0 0 0 0 0 0 0 0 0 0 0 0 0 0 0 0 0 0 0 0 0
-0.103758566 0.0218395442 -0.143980533 0.00101101678 -0.00686224736 -0.000859305263 -0.99022001 0 0 0 0 0 0 0 0 0 0 0 0 0 0 0 0 0 0 0 0 0 0 0 0 0
-0.102767192 0.0168992355 -0.137212157 0.000612830685 -0.00705295429 -0.00129941897 -0.984414279 0 0 0 0 0 0 0 0 0 0 0 0 0 0 0 0 0 0 0 0 0 0 0 0 0
-0.0977498367 0.02348499 -0.135701373 0.000800888636 -0.00720623508 -0.0010164245 -0.982998371 0 0 0 0 0 0 0 0 0 0 0 0 0 0 0 0 0 0 0 0 0 0 0 0 0
