-0.127251387 0.0160765275 -0.207109123 -0.0025448862 -0.00776043255 0.00754474103 -1.00233269 0 0 0 0 0 0 0 0 0 0 0 0 0 0 0 0 0 0 0 0 0 0 0 0 0
-0.116832145 0.0179660246 -0.19566527 -0.000875582278 -0.00643782131 0.00914233457 -0.978640556 0 0 0 0 0 0 0 0 0 0 0 0 0 0 0 0 0 0 0 0 0 0 0 0 0
-0.111881457 0.0186968073 -0.183141023 -0.000235999411 -0.0070284754 0.00891612098 -0.987136722 0 0 0 0 0 0 0 0 0 0 0 0 0 0 0 0 0 0 0 0 0 0 0 0 0
-0.109288879 0.0203182325 -0.165963501 0.000384176703 -0.00841792393 0.00803750288 -0.99545294 0 0 0 0 0 0 0 0 0 0 0 0 0 0 0 0 0 0 0 0 0 0 0 0 0
-0.110252328 0.0191562176 -0.155599356 0.0004260391 -0.0105717247 0.00772062503 -0.99125284 0 0 0 0 0 0 0 0 0 0 0 0 0 0 0 0 0 0 0 0 0 0 0 0 0
-0.112524055 0.0237820148 -0.149817705 -0.00028769637 -0.0117312921 0.00821857993 -0.977826715 0 0 0 0 0 0 0 0 0 0 0 0 0 0 0 0 0 0 0 0 0 0 0 0 0
-0.110145174 0.0228872374 -0.139675975 -0.000985655468 -0.0111373579 0.00912309345 -0.98846823 0 0 0 0 0 0 0 0 0 0 0 0 0 0 0 0 0 0 0 0 0 0 0 0 0
-0.112841122 0.0272688866 -0.138270646 -0.000378644094 -0.0115671894 0.00829723757 -1.00008976 0 0 0 0 0 0 0 0 0 0 0 0 0 0 0 0 0 0 0 0 0 0 0 0 0
-0.111713089 0.0261210576 -0.129613981 -0.000789231213 -0.0129751312 0.00769559294 -0.998778999 0 0 0 0 0 0 0 0 0 0 0 0 0 0 0 0 0 0 0 0 0 0 0 0 0
-0.117638268 0.0313559175 -0.132146895 -0.000603201508 -0.0140760643 0.00866674632 -0.992316186 0 0 0 0 0 0 0 0 0 0 0 0 0 0 0 0 0 0 0 0 0 0 0 0 0
-0.11556562 0.0299094729 -0.125406966 -0.000967886823 -0.0137166018 0.00935692154 -1.00085008 0 0 0 0 0 0 0 0 0 0 0 0 0 0 0 0 0 0 0 0 0 0 0 0 0
-0.119307257 0.0329722203 -0.131164238 -0.000428113271 -0.0147279603 0.00836302433 -0.992064953 0 0 0 0 0 0 0 0 0 0 0 0 0 0 0 0 0 0 0 0 0 0 0 0 0
-0.116678677 0.0295332521 -0.124306023 -0.00086562155 -0.0145038897 0.00805401802 -0.995055079 0 0 0 0 0 0 0 0 0 0 0 0 0 0 0 0 0 0 0 0 0 0 0 0 0
-0.122538634 0.0324958749 -0.13205722 -0.000588849245 -0.0154869026 0.00898465607 -0.988755465 0 0 0 0 0 0 0 0 0 0 0 0 0 0 0 0 0 0 0 0 0 0 0 0 0
-0.122905515 0.0314774066 -0.128899664 -0.000955383235 -0.0152262831 0.00976675563 -0.996527195 0 0 0 0 0 0 0 0 0 0 0 0 0 0 0 0 0 0 0 0 0 0 0 0 0
-0.128884524 0.0372832343 -0.138339132 -0.000347799156 -0.0161168799 0.00873898901 -0.991630793 0 0 0 0 0 0 0 0 0 0 0 0 0 0 0 0 0 0 0 0 0 0 0 0 0
-0.127161175 0.039269425 -0.132818222 -0.000605447392 -0.0158930309 0.00909534749 -0.999881864 0 0 0 0 0 0 0 0 0 0 0 0 0 0 0 0 0 0 0 0 0 0 0 0 0
-0.131008923 0.0417119078 -0.137013003 -0.000216106011 -0.0161590576 0.00774111878 -0.996708751 0 0 0 0 0 0 0 0 0 0 0 0 0 0 0 0 0 0 0 0 0 0 0 0 0
-0.128591537 0.040471945 -0.131374776 -0.000777200388 -0.015241609 0.00716087874 -1.00002587 0 0 0 0 0 0 0 0 0 0 0 0 0 0 0 0 0 0 0 0 0 0 0 0 0
-0.131792724 0.0451187044 -0.137235373 -0.00022500247 -0.0158169605 0.00733426027 -0.99297446 0 0 0 0 0 0 0 0 0 0 0 0 0 0 0 0 0 0 0 0 0 0 0 0 0
-0.129802644 0.0445133783 -0.137513593 -0.000324226683 -0.0147494199 0.00787364412 -0.999809563 0 0 0 0 0 0 0 0 0 0 0 0 0 0 0 0 0 0 0 0 0 0 0 0 0
-0.133963019 0.045441024 -0.144669473 4.06832551e-05 -0.0144054452 0.00688702799 -1.00635326 0 0 0 0 0 0 0 0 0 0 0 0 0 0 0 0 0 0 0 0 0 0 0 0 0
-0.134716749 0.040661715 -0.141526416 -0.000697679527 -0.0152200134 0.00642091967 -0.999298632 0 0 0 0 0 0 0 0 0 0 0 0 0 0 0 0 0 0 0 0 0 0 0 0 0
-0.131355464 0.0443879925 -0.144951239 -0.000229047379 -0.0158209614 0.0063384939 -0.988459587 0 0 0 0 0 0 0 0 0 0 0 0 0 0 0 0 0 0 0 0 0 0 0 0 0
-0.126207441 0.0419420712 -0.140863508 -0.000487737183 -0.0143414373 0.00648877677 -0.990572512 0 0 0 0 0 0 0 0 0 0 0 0 0 0 0 0 0 0 0 0 0 0 0 0 0
-0.127607346 0.045368664 -0.142606169 -5.21733309e-05 -0.0137438411 0.00520097557 -0.999349058 0 0 0 0 0 0 0 0 0 0 0 0 0 0 0 0 0 0 0 0 0 0 0 0 0
-0.124017186 0.0402077883 -0.137787819 -0.000246908632 -0.01457066 0.00455846358 -0.994786799 0 0 0 0 0 0 0 0 0 0 0 0 0 0 0 0 0 0 0 0 0 0 0 0 0
-0.129771858 0.0431115516 -0.144064367 2.45451811e-05 -0.0149400057 0.00531898905 -0.989185274 0 0 0 0 0 0 0 0 0 0 0 0 0 0 0 0 0 0 0 0 0 0 0 0 0
-0.126309752 0.0396782979 -0.144568205 -0.000121245219 -0.0138163893 0.00550686941 -0.99415338 0 0 0 0 0 0 0 0 0 0 0 0 0 0 0 0 0 0 0 0 0 0 0 0 0
-0.128409028 0.0407608375 -0.148645625 0.000234056672 -0.0141961062 0.00433919299 -1.00106013 0 0 0 0 0 0 0 0 0 0 0 0 0 0 0 0 0 0 0 0 0 0 0 0 0
-0.123938434 0.0352319442 -0.142144203 -0.000102281221 -0.0133470567 0.00387761369 -0.989272475 0 0 0 0 0 0 0 0 0 0 0 0 0 0 0 0 0 0 0 0 0 0 0 0 0
-0.126616001 0.0382738411 -0.146128252 0.000112287176 -0.0139037771 0.00404752884 -0.985412836 0 0 0 0 0 0 0 0 0 0 0 0 0 0 0 0 0 0 0 0 0 0 0 0 0
-0.124365471 0.0351668335 -0.142302364 -4.68715443e-05 -0.0129153831 0.00423605274 -0.988646984 0 0 0 0 0 0 0 0 0 0 0 0 0 0 0 0 0 0 0 0 0 0 0 0 0
-0.127453774 0.0394570157 -0.149868608 0.000404390536 -0.0132529764 0.00293366145 -0.988734841 0 0 0 0 0 0 0 0 0 0 0 0 0 0 0 0 0 0 0 0 0 0 0 0 0
-0.124434836 0.0368230753 -0.146550357 0.000270165328 -0.0127678001 0.00247617858 -0.991730511 0 0 0 0 0 0 0 0 0 0 0 0 0 0 0 0 0 0 0 0 0 0 0 0 0
-0.127546936 0.0365538485 -0.154106557 0.000688442553 -0.0133889774 0.00300802384 -0.992092371 0 0 0 0 0 0 0 0 0 0 0 0 0 0 0 0 0 0 0 0 0 0 0 0 0
-0.124879651 0.0316501483 -0.15169774 0.000146563805 -0.0125116361 0.00271042064 -0.993685424 0 0 0 0 0 0 0 0 0 0 0 0 0 0 0 0 0 0 0 0 0 0 0 0 0
-0.125757843 0.0320926309 -0.15688765 0.000541642716 -0.0126188314 0.00243907887 -0.98992312 0 0 0 0 0 0 0 0 0 0 0 0 0 0 0 0 0 0 0 0 0 0 0 0 0
-0.122088768 0.027458407 -0.149663985 0.000373510848 -0.0115219047 0.00180605007 -0.9900617 0 0 0 0 0 0 0 0 0 0 0 0 0 0 0 0 0 0 0 0 0 0 0 0 0
-0.124460436 0.0273417979 -0.153221637 0.000768927392 -0.0121336719 0.00190614164 -0.998305976 0 0 0 0 0 0 0 0 0 0 0 0 0 0 0 0 0 0 0 0 0 0 0 0 0
-0.123888202 0.0229263157 -0.148072302 0.000267452648 -0.0111345174 0.00180199603 -0.990632951 0 0 0 0 0 0 0 0 0 0 0 0 0 0 0 0 0 0 0 0 0 0 0 0 0
-0.120311551 0.0269112363 -0.14988181 0.000706424529 -0.0111535965 0.00164799765 -0.988084316 0 0 0 0 0 0 0 0 0 0 0 0 0 0 0 0 0 0 0 0 0 0 0 0 0
-0.114442296 0.0238589123 -0.144897521 0.000589467352 -0.0097191399 0.00168945082 -0.986297131 0 0 0 0 0 0 0 0 0 0 0 0 0 0 0 0 0 0 0 0 0 0 0 0 0
-0.112543307 0.0254665464 -0.146564066 0.000938058074 -0.00997113623 9.41841863e-05 -0.993925452 0 0 0 0 0 0 0 0 0 0 0 0 0 0 0 0 0 0 0 0 0 0 0 0 0
-0.109766625 0.020051375 -0.14142701 0.000643158681 -0.00868413784 -0.000386697706 -0.986691475 0 0 0 0 0 0 0 0 0 0 0 0 0 0 0 0 0 0 0 0 0 0 0 0 0
-0.106311552 0.0235361829 -0.144087762 0.000880389998 -0.00885242317 -9.41441394e-05 -0.982903123 0 0 0 0 0 0 0 0 0 0 0 0 0 0 0 0 0 0 0 0 0 0 0 0 0
-0.102173515 0.0209964067 -0.140396833 0.000734727248 -0.00737136789 -3.84231098e-05 -0.982556701 0 0 0 0 0 0 0 0 0 0 0 0 0 0 0 0 0 0 0 0 0 0 0 0 0
-0.103834711 0.0222054869 -0.143467411 0.00105765031 -0.00682183914 -0.00104176626 -0.990262508 0 0 0 0 0 0 0 0 0 0 0 0 0 0 0 0 0 0 0 0 0 0 0 0 0
-0.102826215 0.0173846185 -0.136771575 0.000661802478 -0.00698038284 -0.00139998342 -0.984654963 0 0 0 0 0 0 0 0 0 0 0 0 0 0 0 0 0 0 0 0 0 0 0 0 0
-0.0979965106 0.0238031372 -0.135459691 0.000846704701 -0.00719796214 -0.00113270292 -0.982604027 0 0 0 0 0 0 0 0 0 0 0 0 0 0 0 0 0 0 0 0 0 0 0 0 0
